429316578867524193513897246931785624682941735745263981354672819178459362296138457
305420810487901506029056374850793041613208957074065280241309065508670192096512408
300000600000050180000601700000070506050030070401020000006802000098010000002000004
900000120002300000400005960080200600000050000001009030076900001000001700098000004
082050000700009060000040000009306007200000003600205800000070000010400008000030410
005079003200000000348000000050680000070204080000013020000000471000000006800790300
090700400100600070600030080850006000006000300000400058040020006030001002002003090
000907300080065040000000009060040015100000002540090080200000000090250070006408000
000004009009000020172009005000000800300070006005000000400500698090000700600300000
658000003040050000001027006080000007000005600006040050037080100000971300009002000
080020006000806000300000901409000000050307060000000805205000009000403000100070030